sb3    0.00000e+00 0.00000e+00 0.00000e+00 0.00000e+00 0.00000e+00 0.00000e+00
       0.00000e+00 0.00000e+00 0.00000e+00 0.00000e+00 0.00000e+00 0.00000e+00
       0.00000e+00 0.00000e+00 0.00000e+00 0.00000e+00 0.00000e+00 0.00000e+00
       0.00000e+00 0.00000e+00 0.00000e+00 0.00000e+00 0.00000e+00 0.00000e+00
       0.00000e+00 0.00000e+00 0.00000e+00 0.00000e+00 0.00000e+00 0.00000e+00
       0.00000e+00 0.00000e+00 0.00000e+00 0.00000e+00 0.00000e+00 0.00000e+00
       0.00000e+00 0.00000e+00 0.00000e+00 0.00000e+00 0.00000e+00 0.00000e+00
       0.00000e+00 0.00000e+00 0.00000e+00 0.00000e+00 0.00000e+00 0.00000e+00
       0.00000e+00 0.00000e+00 0.00000e+00 0.00000e+00 0.00000e+00 0.00000e+00
       0.00000e+00 0.00000e+00 0.00000e+00 0.00000e+00 0.00000e+00 0.00000e+00
       0.00000e+00 1.60604e-13 7.80107e-12 1.22986e-08 3.67471e-07 3.37374e-07
       2.04411e-06 8.97240e-06 1.54863e-05 1.29277e-05 1.19260e-05 1.09423e-05
       1.24068e-05 1.17285e-05 1.04446e-05 3.38692e-05 3.02341e-05 1.11629e-05
       9.21020e-06 2.58700e-05 2.50972e-05 3.05283e-05 2.75324e-04 3.47237e-05
       1.25124e-04 2.73138e-04 6.25883e-04 1.97472e-03 2.60067e-03 3.77168e-02
       2.51893e-02 8.84482e-03 7.74440e-01 1.16306e-02 1.27331e-01 8.48884e-03
       1.85909e-04 0.00000e+00 0.00000e+00 0.00000e+00 0.00000e+00
wwp:p 5.0 j 100 j -1 0 8.045948844e+07
