
energy (mev)
1/s
spec
1 202
32.3025 years
   1.000e-09   0.000e+00
   1.256e-09   0.000e+00
   1.256e-09   0.000e+00
   1.578e-09   0.000e+00
   1.578e-09   0.000e+00
   1.982e-09   0.000e+00
   1.982e-09   0.000e+00
   2.489e-09   0.000e+00
   2.489e-09   0.000e+00
   3.126e-09   0.000e+00
   3.126e-09   0.000e+00
   3.927e-09   0.000e+00
   3.927e-09   0.000e+00
   4.933e-09   0.000e+00
   4.933e-09   0.000e+00
   6.196e-09   0.000e+00
   6.196e-09   0.000e+00
   7.782e-09   0.000e+00
   7.782e-09   0.000e+00
   9.775e-09   0.000e+00
   9.775e-09   0.000e+00
   1.228e-08   0.000e+00
   1.228e-08   0.000e+00
   1.542e-08   0.000e+00
   1.542e-08   0.000e+00
   1.937e-08   0.000e+00
   1.937e-08   0.000e+00
   2.433e-08   0.000e+00
   2.433e-08   0.000e+00
   3.056e-08   0.000e+00
   3.056e-08   0.000e+00
   3.838e-08   0.000e+00
   3.838e-08   0.000e+00
   4.821e-08   0.000e+00
   4.821e-08   0.000e+00
   6.056e-08   0.000e+00
   6.056e-08   0.000e+00
   7.607e-08   0.000e+00
   7.607e-08   0.000e+00
   9.554e-08   0.000e+00
   9.554e-08   0.000e+00
   1.200e-07   0.000e+00
   1.200e-07   0.000e+00
   1.507e-07   0.000e+00
   1.507e-07   0.000e+00
   1.893e-07   0.000e+00
   1.893e-07   0.000e+00
   2.378e-07   0.000e+00
   2.378e-07   0.000e+00
   2.987e-07   0.000e+00
   2.987e-07   0.000e+00
   3.752e-07   0.000e+00
   3.752e-07   0.000e+00
   4.713e-07   0.000e+00
   4.713e-07   0.000e+00
   5.919e-07   0.000e+00
   5.919e-07   0.000e+00
   7.435e-07   0.000e+00
   7.435e-07   0.000e+00
   9.339e-07   0.000e+00
   9.339e-07   0.000e+00
   1.173e-06   0.000e+00
   1.173e-06   0.000e+00
   1.473e-06   0.000e+00
   1.473e-06   0.000e+00
   1.851e-06   0.000e+00
   1.851e-06   0.000e+00
   2.325e-06   0.000e+00
   2.325e-06   0.000e+00
   2.920e-06   0.000e+00
   2.920e-06   0.000e+00
   3.667e-06   0.000e+00
   3.667e-06   0.000e+00
   4.606e-06   0.000e+00
   4.606e-06   0.000e+00
   5.786e-06   0.000e+00
   5.786e-06   0.000e+00
   7.268e-06   0.000e+00
   7.268e-06   0.000e+00
   9.128e-06   0.000e+00
   9.128e-06   0.000e+00
   1.147e-05   0.000e+00
   1.147e-05   0.000e+00
   1.440e-05   0.000e+00
   1.440e-05   0.000e+00
   1.809e-05   0.000e+00
   1.809e-05   0.000e+00
   2.272e-05   0.000e+00
   2.272e-05   0.000e+00
   2.854e-05   0.000e+00
   2.854e-05   6.762e-83
   3.585e-05   6.762e-83
   3.585e-05   0.000e+00
   4.503e-05   0.000e+00
   4.503e-05   0.000e+00
   5.656e-05   0.000e+00
   5.656e-05   0.000e+00
   7.104e-05   0.000e+00
   7.104e-05   0.000e+00
   8.923e-05   0.000e+00
   8.923e-05   0.000e+00
   1.121e-04   0.000e+00
   1.121e-04   0.000e+00
   1.408e-04   0.000e+00
   1.408e-04   0.000e+00
   1.768e-04   0.000e+00
   1.768e-04   0.000e+00
   2.221e-04   0.000e+00
   2.221e-04   0.000e+00
   2.790e-04   0.000e+00
   2.790e-04   0.000e+00
   3.504e-04   0.000e+00
   3.504e-04   0.000e+00
   4.401e-04   0.000e+00
   4.401e-04   0.000e+00
   5.528e-04   0.000e+00
   5.528e-04   0.000e+00
   6.944e-04   0.000e+00
   6.944e-04   6.373e-58
   8.722e-04   6.373e-58
   8.722e-04   2.206e-21
   1.095e-03   2.206e-21
   1.095e-03   3.959e+00
   1.376e-03   3.959e+00
   1.376e-03   4.414e+07
   1.728e-03   4.414e+07
   1.728e-03   4.622e+09
   2.171e-03   4.622e+09
   2.171e-03   3.935e+08
   2.727e-03   3.935e+08
   2.727e-03   4.913e+11
   3.425e-03   4.913e+11
   3.425e-03   1.096e+10
   4.302e-03   1.096e+10
   4.302e-03   1.373e+14
   5.403e-03   1.373e+14
   5.403e-03   3.453e+14
   6.787e-03   3.453e+14
   6.787e-03   3.096e+14
   8.525e-03   3.096e+14
   8.525e-03   2.838e+14
   1.071e-02   2.838e+14
   1.071e-02   2.596e+14
   1.345e-02   2.596e+14
   1.345e-02   2.406e+14
   1.689e-02   2.406e+14
   1.689e-02   2.073e+14
   2.122e-02   2.073e+14
   2.122e-02   2.041e+14
   2.665e-02   2.041e+14
   2.665e-02   3.122e+14
   3.348e-02   3.122e+14
   3.348e-02   2.155e+14
   4.205e-02   2.155e+14
   4.205e-02   1.553e+14
   5.282e-02   1.553e+14
   5.282e-02   1.387e+14
   6.634e-02   1.387e+14
   6.634e-02   1.473e+14
   8.333e-02   1.473e+14
   8.333e-02   1.180e+14
   1.047e-01   1.180e+14
   1.047e-01   9.753e+13
   1.315e-01   9.753e+13
   1.315e-01   9.779e+13
   1.651e-01   9.779e+13
   1.651e-01   7.312e+13
   2.074e-01   7.312e+13
   2.074e-01   4.950e+13
   2.605e-01   4.950e+13
   2.605e-01   6.145e+13
   3.272e-01   6.145e+13
   3.272e-01   4.398e+13
   4.110e-01   4.398e+13
   4.110e-01   3.135e+13
   5.163e-01   3.135e+13
   5.163e-01   2.042e+13
   6.485e-01   2.042e+13
   6.485e-01   2.119e+15
   8.145e-01   2.119e+15
   8.145e-01   1.046e+13
   1.023e+00   1.046e+13
   1.023e+00   5.620e+12
   1.285e+00   5.620e+12
   1.285e+00   1.683e+12
   1.614e+00   1.683e+12
   1.614e+00   2.814e+11
   2.027e+00   2.814e+11
   2.027e+00   1.609e+10
   2.546e+00   1.609e+10
   2.546e+00   4.015e+07
   3.199e+00   4.015e+07
   3.199e+00   7.645e+04
   4.018e+00   7.645e+04
   4.018e+00   3.615e+04
   5.046e+00   3.615e+04
   5.046e+00   1.311e+04
   6.338e+00   1.311e+04
   6.338e+00   3.392e+03
   7.961e+00   3.392e+03
   7.961e+00   6.283e+02
   1.000e+01   6.283e+02
