
energy (mev)
1/s
spec
1 202
0.0200015 years
   1.000e-09   0.000e+00
   1.256e-09   0.000e+00
   1.256e-09   0.000e+00
   1.578e-09   0.000e+00
   1.578e-09   0.000e+00
   1.982e-09   0.000e+00
   1.982e-09   0.000e+00
   2.489e-09   0.000e+00
   2.489e-09   0.000e+00
   3.126e-09   0.000e+00
   3.126e-09   0.000e+00
   3.927e-09   0.000e+00
   3.927e-09   0.000e+00
   4.933e-09   0.000e+00
   4.933e-09   0.000e+00
   6.196e-09   0.000e+00
   6.196e-09   0.000e+00
   7.782e-09   0.000e+00
   7.782e-09   0.000e+00
   9.775e-09   0.000e+00
   9.775e-09   0.000e+00
   1.228e-08   0.000e+00
   1.228e-08   0.000e+00
   1.542e-08   0.000e+00
   1.542e-08   0.000e+00
   1.937e-08   0.000e+00
   1.937e-08   0.000e+00
   2.433e-08   0.000e+00
   2.433e-08   0.000e+00
   3.056e-08   0.000e+00
   3.056e-08   0.000e+00
   3.838e-08   0.000e+00
   3.838e-08   0.000e+00
   4.821e-08   0.000e+00
   4.821e-08   0.000e+00
   6.056e-08   0.000e+00
   6.056e-08   0.000e+00
   7.607e-08   0.000e+00
   7.607e-08   0.000e+00
   9.554e-08   0.000e+00
   9.554e-08   0.000e+00
   1.200e-07   0.000e+00
   1.200e-07   0.000e+00
   1.507e-07   0.000e+00
   1.507e-07   0.000e+00
   1.893e-07   0.000e+00
   1.893e-07   0.000e+00
   2.378e-07   0.000e+00
   2.378e-07   0.000e+00
   2.987e-07   0.000e+00
   2.987e-07   0.000e+00
   3.752e-07   0.000e+00
   3.752e-07   0.000e+00
   4.713e-07   0.000e+00
   4.713e-07   0.000e+00
   5.919e-07   0.000e+00
   5.919e-07   0.000e+00
   7.435e-07   0.000e+00
   7.435e-07   0.000e+00
   9.339e-07   0.000e+00
   9.339e-07   0.000e+00
   1.173e-06   0.000e+00
   1.173e-06   0.000e+00
   1.473e-06   0.000e+00
   1.473e-06   0.000e+00
   1.851e-06   0.000e+00
   1.851e-06   0.000e+00
   2.325e-06   0.000e+00
   2.325e-06   0.000e+00
   2.920e-06   0.000e+00
   2.920e-06   0.000e+00
   3.667e-06   0.000e+00
   3.667e-06   0.000e+00
   4.606e-06   0.000e+00
   4.606e-06   0.000e+00
   5.786e-06   0.000e+00
   5.786e-06   0.000e+00
   7.268e-06   0.000e+00
   7.268e-06   0.000e+00
   9.128e-06   0.000e+00
   9.128e-06   0.000e+00
   1.147e-05   0.000e+00
   1.147e-05   0.000e+00
   1.440e-05   0.000e+00
   1.440e-05   0.000e+00
   1.809e-05   0.000e+00
   1.809e-05   0.000e+00
   2.272e-05   0.000e+00
   2.272e-05   0.000e+00
   2.854e-05   0.000e+00
   2.854e-05   6.762e-83
   3.585e-05   6.762e-83
   3.585e-05   2.410e-93
   4.503e-05   2.410e-93
   4.503e-05   0.000e+00
   5.656e-05   0.000e+00
   5.656e-05   0.000e+00
   7.104e-05   0.000e+00
   7.104e-05   0.000e+00
   8.923e-05   0.000e+00
   8.923e-05   0.000e+00
   1.121e-04   0.000e+00
   1.121e-04   5.019e-95
   1.408e-04   5.019e-95
   1.408e-04   0.000e+00
   1.768e-04   0.000e+00
   1.768e-04   0.000e+00
   2.221e-04   0.000e+00
   2.221e-04   0.000e+00
   2.790e-04   0.000e+00
   2.790e-04   0.000e+00
   3.504e-04   0.000e+00
   3.504e-04   0.000e+00
   4.401e-04   0.000e+00
   4.401e-04   0.000e+00
   5.528e-04   0.000e+00
   5.528e-04   0.000e+00
   6.944e-04   0.000e+00
   6.944e-04   1.530e-21
   8.722e-04   1.530e-21
   8.722e-04   2.313e+08
   1.095e-03   2.313e+08
   1.095e-03   5.457e+08
   1.376e-03   5.457e+08
   1.376e-03   1.066e+10
   1.728e-03   1.066e+10
   1.728e-03   1.711e+13
   2.171e-03   1.711e+13
   2.171e-03   5.229e+14
   2.727e-03   5.229e+14
   2.727e-03   4.860e+14
   3.425e-03   4.860e+14
   3.425e-03   2.920e+15
   4.302e-03   2.920e+15
   4.302e-03   1.282e+16
   5.403e-03   1.282e+16
   5.403e-03   2.313e+16
   6.787e-03   2.313e+16
   6.787e-03   1.893e+16
   8.525e-03   1.893e+16
   8.525e-03   1.726e+16
   1.071e-02   1.726e+16
   1.071e-02   1.575e+16
   1.345e-02   1.575e+16
   1.345e-02   1.820e+16
   1.689e-02   1.820e+16
   1.689e-02   1.761e+16
   2.122e-02   1.761e+16
   2.122e-02   1.318e+16
   2.665e-02   1.318e+16
   2.665e-02   3.201e+16
   3.348e-02   3.201e+16
   3.348e-02   2.971e+16
   4.205e-02   2.971e+16
   4.205e-02   1.131e+16
   5.282e-02   1.131e+16
   5.282e-02   8.963e+15
   6.634e-02   8.963e+15
   6.634e-02   1.903e+16
   8.333e-02   1.903e+16
   8.333e-02   1.447e+16
   1.047e-01   1.447e+16
   1.047e-01   1.037e+16
   1.315e-01   1.037e+16
   1.315e-01   3.845e+16
   1.651e-01   3.845e+16
   1.651e-01   4.935e+15
   2.074e-01   4.935e+15
   2.074e-01   1.143e+16
   2.605e-01   1.143e+16
   2.605e-01   9.164e+15
   3.272e-01   9.164e+15
   3.272e-01   2.121e+16
   4.110e-01   2.121e+16
   4.110e-01   4.398e+16
   5.163e-01   4.398e+16
   5.163e-01   1.829e+16
   6.485e-01   1.829e+16
   6.485e-01   1.214e+17
   8.145e-01   1.214e+17
   8.145e-01   1.711e+16
   1.023e+00   1.711e+16
   1.023e+00   1.418e+15
   1.285e+00   1.418e+15
   1.285e+00   3.704e+16
   1.614e+00   3.704e+16
   1.614e+00   3.398e+14
   2.027e+00   3.398e+14
   2.027e+00   2.024e+15
   2.546e+00   2.024e+15
   2.546e+00   7.686e+13
   3.199e+00   7.686e+13
   3.199e+00   1.461e+12
   4.018e+00   1.461e+12
   4.018e+00   2.184e+05
   5.046e+00   2.184e+05
   5.046e+00   7.990e+04
   6.338e+00   7.990e+04
   6.338e+00   2.084e+04
   7.961e+00   2.084e+04
   7.961e+00   3.882e+03
   1.000e+01   3.882e+03
